# Frame list with one line of data per frame:
#   FRAME_ID, RIG_ID, RIG_FROM_WORLD[QW, QX, QY, QZ, TX, TY, TZ], NUM_DATA_IDS, DATA_IDS[] as (SENSOR_TYPE, SENSOR_ID, DATA_ID)
# Number of frames: 18
1 2 -0.33520981909965125 0.023065153931168151 0.80122809767473024 0.49511201899150409 0.096035571544235837 -2.1154948880778397 3.8280685734306168 1 CAMERA 2 1
2 2 0.99860537583303866 0.0064113507144856656 0.039908486468704416 0.033963372140425857 -0.39303521230216454 -2.5121207755797617 3.4713796953470895 1 CAMERA 2 2
3 2 0.99996821674647607 0.0046656905941243384 -0.0063459637270550304 0.0012351406914287175 -0.26925473748936241 -2.2141701699188938 3.0197928101169076 1 CAMERA 2 3
4 2 0.9405915012401409 0.0012703160847750191 -0.2815942740497655 -0.18971209480222528 -0.45984115115060548 -2.0553490913641257 3.1977176322013534 1 CAMERA 2 4
5 2 0.90642026409099474 -0.0011105580585241269 -0.34971426343740064 -0.2368565081530305 -0.38627876738288075 -1.9915882248454144 2.8945900503687949 1 CAMERA 2 5
6 2 0.78542046474472771 -0.0018697225697838766 -0.51083094319541089 -0.34951816143338665 -0.2598304484985961 -1.8660661022840925 2.5137347305002988 1 CAMERA 2 6
7 2 0.60619791528888778 -0.0028836301454534352 -0.65521843432298121 -0.45078218187937696 -0.24376836971740051 -1.8153462788429799 2.4518960886866559 1 CAMERA 2 7
8 2 0.5248106177107692 -0.0036000361005265906 -0.70162179843781491 -0.48196235043310398 -0.044628353279303715 -1.904465914054789 2.5744094308555985 1 CAMERA 2 8
9 2 -0.44249132364408517 0.0043702797793462858 0.74012329265142662 0.50635939887511383 0.031048181517669488 -1.8084627952788088 2.4614028917545148 1 CAMERA 2 9
10 2 -0.33183097817164625 0.0062134599245123913 0.77787265712668641 0.5336325740957758 0.16077853580229123 -1.7233401374942592 2.4410915120878749 1 CAMERA 2 10
11 2 -0.055425253689576931 0.013311731997795763 0.8459297701968862 0.53023925065889677 0.21268637778926805 -2.128039878596212 3.7040603444643354 1 CAMERA 2 11
12 2 0.24681954360681507 0.00022729660494083518 0.81898573777103378 0.518017782086303 0.11483370550722405 -1.9259860785081588 3.4259836680122353 1 CAMERA 2 12
13 2 0.33649315606879604 0.0078391823582841438 0.77506376289850132 0.53477758608643111 0.064125637676343356 -2.2838249122928187 3.2603623455002491 1 CAMERA 2 13
14 2 0.50212479314209357 0.0080087584185536461 0.71065345537984825 0.49272529695286088 0.28817672917091824 -2.162282376410388 3.1396634925752611 1 CAMERA 2 14
15 2 0.62204892884600982 0.0073061442686764644 0.64321752803846521 0.44640000224187204 0.21570209512112354 -2.1826135577222039 3.235668720749008 1 CAMERA 2 15
16 2 0.80100222590610881 0.0078361171247468917 0.49099155500517633 0.34243440579980461 0.11802846686908114 -2.3205323764737082 3.3783389485299966 1 CAMERA 2 16
17 2 0.92296358909932708 0.0075863011452438848 0.31447804217608061 0.22177516141561385 0.19502286578205144 -2.2253063874858916 3.3407575838150088 1 CAMERA 2 17
18 2 0.97494551184275868 0.0071152498830578436 0.18004236266977458 0.13044297528440629 -0.038684210696593939 -2.3272947119389609 3.4597977587691702 1 CAMERA 2 18
